0 4 0 1 2 1 5 
1 4 0 1 2 1 5 
0 5 1 1 2 1 5 
1 5 1 1 2 1 5 
0 6 0 2 0 2 6 
1 6 0 2 0 2 6 
0 7 1 2 0 2 6 
1 7 1 2 0 2 6 
0 8 0 3 1 2 6 
1 8 0 3 1 2 6 
0 9 1 3 1 2 6 
1 9 1 3 1 2 6 
0 10 0 4 0 3 0 
1 10 0 4 0 3 0 
0 11 1 4 0 3 0 
1 11 1 4 0 3 0 
0 12 0 5 1 3 0 
1 12 0 5 1 3 0 
0 13 1 5 1 3 0 
1 13 1 5 1 3 0 
0 14 0 6 0 4 1 
1 14 0 6 0 4 1 
0 15 1 6 0 4 1 
1 15 1 6 0 4 1 
0 16 0 7 1 4 1 
1 16 0 7 1 4 1 
0 17 1 7 1 4 1 
1 17 1 7 1 4 1 
0 18 0 8 0 5 0 
1 18 0 8 0 5 0 
0 19 1 8 0 5 0 
1 19 1 8 0 5 0 
0 20 0 9 1 5 0 
1 20 0 9 1 5 0 
0 21 1 9 1 5 0 
1 21 1 9 1 5 0 
0 22 0 10 0 6 1 
1 22 0 10 0 6 1 
0 23 1 10 0 6 1 
1 23 1 10 0 6 1 
0 24 0 11 1 6 1 
1 24 0 11 1 6 1 
0 25 1 11 1 6 1 
1 25 1 11 1 6 1 
0 26 0 12 0 7 0 
1 26 0 12 0 7 0 
0 27 1 12 0 7 0 
1 27 1 12 0 7 0 
0 28 0 13 1 7 0 
1 28 0 13 1 7 0 
0 29 1 13 1 7 0 
1 29 1 13 1 7 0 
0 30 0 14 0 8 1 
1 30 0 14 0 8 1 
0 31 1 14 0 8 1 
1 31 1 14 0 8 1 
0 32 0 15 1 8 1 
1 32 0 15 1 8 1 
0 33 1 15 1 8 1 
1 33 1 15 1 8 1 
0 34 0 16 0 9 0 
1 34 0 16 0 9 0 
0 35 1 16 0 9 0 
1 35 1 16 0 9 0 
0 36 0 17 1 9 0 
1 36 0 17 1 9 0 
0 37 1 17 1 9 0 
1 37 1 17 1 9 0 
0 38 0 18 0 10 1 
1 38 0 18 0 10 1 
0 39 1 18 0 10 1 
1 39 1 18 0 10 1 
0 40 0 19 1 10 1 
1 40 0 19 1 10 1 
0 41 1 19 1 10 1 
1 41 1 19 1 10 1 
0 42 0 20 0 11 0 
1 42 0 20 0 11 0 
0 43 1 20 0 11 0 
1 43 1 20 0 11 0 
0 44 0 21 1 11 0 
1 44 0 21 1 11 0 
0 45 1 21 1 11 0 
1 45 1 21 1 11 0 
0 46 0 22 0 12 1 
1 46 0 22 0 12 1 
0 47 1 22 0 12 1 
1 47 1 22 0 12 1 
0 48 0 23 1 12 1 
1 48 0 23 1 12 1 
0 49 1 23 1 12 1 
1 49 1 23 1 12 1 
0 50 0 24 0 13 0 
1 50 0 24 0 13 0 
0 51 1 24 0 13 0 
1 51 1 24 0 13 0 
0 52 0 25 1 13 0 
1 52 0 25 1 13 0 
0 53 1 25 1 13 0 
1 53 1 25 1 13 0 
